4.....8.5.3..........7......2.....6.....8.4......1.......6.3.7.5..2.....1.4......6
Error

4.....8.5.3..........7......2.....6.....8.4......1.......6.3.7.5..2.....1.4.....
Error

44....8.5.3..........7......2.....6.....8.4......1.......6.3.7.5..2.....1.4......
Error

4.....8.5.3..........7......2.....6.....8.4......1.......6.3.7.4..2.....1.4......
Error

4.....8.5.34.........7......2.....6.....8.4......1.......6.3.7.5..2.....1.4......
Error

4.....8.5.3..........7......2.....6.....8.4......1.......6.3.7.5..2.....1.5......
Error

4.....8.5.3..........7......2.....6.....8.4......1...x...6.3.7.5..2.....1.4......
Error

417369825632158947958724316825437169791586432346912758289643571573291684164875293
solution:
4 1 7 | 3 6 9 | 8 2 5
6 3 2 | 1 5 8 | 9 4 7
9 5 8 | 7 2 4 | 3 1 6
------+-------+------
8 2 5 | 4 3 7 | 1 6 9
7 9 1 | 5 8 6 | 4 3 2
3 4 6 | 9 1 2 | 7 5 8
------+-------+------
2 8 9 | 6 4 3 | 5 7 1
5 7 3 | 2 9 1 | 6 8 4
1 6 4 | 8 7 5 | 2 9 3
417369825632158947958724316825437169791586432346912758289643.71573291684164875293
solution:
4 1 7 | 3 6 9 | 8 2 5
6 3 2 | 1 5 8 | 9 4 7
9 5 8 | 7 2 4 | 3 1 6
------+-------+------
8 2 5 | 4 3 7 | 1 6 9
7 9 1 | 5 8 6 | 4 3 2
3 4 6 | 9 1 2 | 7 5 8
------+-------+------
2 8 9 | 6 4 3 | 5 7 1
5 7 3 | 2 9 1 | 6 8 4
1 6 4 | 8 7 5 | 2 9 3
41736982563215894795872431682543716979.5864323469.2758289643.71573291684164875293
solution:
4 1 7 | 3 6 9 | 8 2 5
6 3 2 | 1 5 8 | 9 4 7
9 5 8 | 7 2 4 | 3 1 6
------+-------+------
8 2 5 | 4 3 7 | 1 6 9
7 9 1 | 5 8 6 | 4 3 2
3 4 6 | 9 1 2 | 7 5 8
------+-------+------
2 8 9 | 6 4 3 | 5 7 1
5 7 3 | 2 9 1 | 6 8 4
1 6 4 | 8 7 5 | 2 9 3
4.7369825632.589479587243.6825437.6979.5864323469.275828964357.57329.684.64875293
solution:
4 1 7 | 3 6 9 | 8 2 5
6 3 2 | 1 5 8 | 9 4 7
9 5 8 | 7 2 4 | 3 1 6
------+-------+------
8 2 5 | 4 3 7 | 1 6 9
7 9 1 | 5 8 6 | 4 3 2
3 4 6 | 9 1 2 | 7 5 8
------+-------+------
2 8 9 | 6 4 3 | 5 7 1
5 7 3 | 2 9 1 | 6 8 4
1 6 4 | 8 7 5 | 2 9 3
4.....8.5.3..........7......2.....6.....8.4......1.......6.3.7.5..2.....1.4......
solution:
4 1 7 | 3 6 9 | 8 2 5
6 3 2 | 1 5 8 | 9 4 7
9 5 8 | 7 2 4 | 3 1 6
------+-------+------
8 2 5 | 4 3 7 | 1 6 9
7 9 1 | 5 8 6 | 4 3 2
3 4 6 | 9 1 2 | 7 5 8
------+-------+------
2 8 9 | 6 4 3 | 5 7 1
5 7 3 | 2 9 1 | 6 8 4
1 6 4 | 8 7 5 | 2 9 3
4.....8.5.3..........7......2..9..6.....8.4......1.......6.3.7.5..2.....1.4......
No solution

oh no, this isn't a puzzle at all!
Error

85...24..72......9..4.........1.7..23.5...9...4...........8..7..17..........36.4.
solution:
8 5 9 | 6 1 2 | 4 3 7
7 2 3 | 8 5 4 | 1 6 9
1 6 4 | 3 7 9 | 5 2 8
------+-------+------
9 8 6 | 1 4 7 | 3 5 2
3 7 5 | 2 6 8 | 9 1 4
2 4 1 | 5 9 3 | 7 8 6
------+-------+------
4 3 2 | 9 8 1 | 6 7 5
6 1 7 | 4 2 5 | 8 9 3
5 9 8 | 7 3 6 | 2 4 1
85...24..72......9..4.........1.7..23.5...9...4....6......8..7..17..........36.4.
No solution

85...24..72......9..4.........1.7..23.5...9...4...........8..7.517..........36.4.
No solution

..53.....8......2..7..1.5..4....53...1..7...6..32...8..6.5....9..4....3......97..
solution:
1 4 5 | 3 2 7 | 6 9 8
8 3 9 | 6 5 4 | 1 2 7
6 7 2 | 9 1 8 | 5 4 3
------+-------+------
4 9 6 | 1 8 5 | 3 7 2
2 1 8 | 4 7 3 | 9 5 6
7 5 3 | 2 9 6 | 4 8 1
------+-------+------
3 6 7 | 5 4 2 | 8 1 9
9 8 4 | 7 6 1 | 2 3 5
5 2 1 | 8 3 9 | 7 6 4
.253.....8......2..7..1.5..4....53...1..7...6..32...8..6.5....9..4....3......97..
No solution

12..4......5.69.1...9...5.........7.7...52.9..3......2.9.6...5.4..9..8.1..3...9.4
solution:
1 2 8 | 5 4 7 | 6 3 9
3 4 5 | 8 6 9 | 2 1 7
6 7 9 | 2 1 3 | 5 4 8
------+-------+------
9 1 2 | 4 8 6 | 3 7 5
7 8 4 | 3 5 2 | 1 9 6
5 3 6 | 7 9 1 | 4 8 2
------+-------+------
8 9 1 | 6 2 4 | 7 5 3
4 6 7 | 9 3 5 | 8 2 1
2 5 3 | 1 7 8 | 9 6 4
...57..3.1......2.7...234......8...4..7..4...49....6.5.42...3.....7..9....18.....
solution:
6 2 4 | 5 7 8 | 1 3 9
1 3 5 | 4 9 6 | 8 2 7
7 8 9 | 1 2 3 | 4 5 6
------+-------+------
2 1 6 | 3 8 5 | 7 9 4
8 5 7 | 9 6 4 | 2 1 3
4 9 3 | 2 1 7 | 6 8 5
------+-------+------
9 4 2 | 6 5 1 | 3 7 8
5 6 8 | 7 3 2 | 9 4 1
3 7 1 | 8 4 9 | 5 6 2
7..1523........92....3.....1....47.8.......6............9...5.6.4.9.7...8....6.1.
solution:
7 9 6 | 1 5 2 | 3 8 4
5 3 1 | 4 6 8 | 9 2 7
4 2 8 | 3 7 9 | 6 5 1
------+-------+------
1 5 2 | 6 3 4 | 7 9 8
3 8 4 | 7 9 1 | 2 6 5
9 6 7 | 2 8 5 | 1 4 3
------+-------+------
2 1 9 | 8 4 3 | 5 7 6
6 4 5 | 9 1 7 | 8 3 2
8 7 3 | 5 2 6 | 4 1 9
1....7.9..3..2...8..96..5....53..9...1..8...26....4...3......1..4......7..7...3..
solution:
1 6 2 | 8 5 7 | 4 9 3
5 3 4 | 1 2 9 | 6 7 8
7 8 9 | 6 4 3 | 5 2 1
------+-------+------
4 7 5 | 3 1 2 | 9 8 6
9 1 3 | 5 8 6 | 7 4 2
6 2 8 | 7 9 4 | 1 3 5
------+-------+------
3 5 6 | 4 7 8 | 2 1 9
2 4 1 | 9 3 5 | 8 6 7
8 9 7 | 2 6 1 | 3 5 4
1...34.8....8..5....4.6..21.18......3..1.2..6......81.52..7.9....6..9....9.64...2
solution:
1 5 2 | 9 3 4 | 6 8 7
7 6 3 | 8 2 1 | 5 4 9
9 8 4 | 5 6 7 | 3 2 1
------+-------+------
6 1 8 | 4 9 3 | 2 7 5
3 7 5 | 1 8 2 | 4 9 6
2 4 9 | 7 5 6 | 8 1 3
------+-------+------
5 2 1 | 3 7 8 | 9 6 4
4 3 6 | 2 1 9 | 7 5 8
8 9 7 | 6 4 5 | 1 3 2
...92......68.3...19..7...623..4.1....1...7....8.3..297...8..91...5.72......64...
solution:
3 8 7 | 9 2 6 | 4 1 5
5 4 6 | 8 1 3 | 9 7 2
1 9 2 | 4 7 5 | 8 3 6
------+-------+------
2 3 5 | 7 4 9 | 1 6 8
9 6 1 | 2 5 8 | 7 4 3
4 7 8 | 6 3 1 | 5 2 9
------+-------+------
7 5 4 | 3 8 2 | 6 9 1
6 1 3 | 5 9 7 | 2 8 4
8 2 9 | 1 6 4 | 3 5 7
.6.5.4.3.1...9...8.........9...5...6.4.6.2.7.7...4...5.........4...8...1.5.2.3.4.
solution:
8 6 9 | 5 7 4 | 1 3 2
1 2 4 | 3 9 6 | 7 5 8
3 7 5 | 1 2 8 | 6 9 4
------+-------+------
9 3 2 | 8 5 7 | 4 1 6
5 4 1 | 6 3 2 | 8 7 9
7 8 6 | 9 4 1 | 3 2 5
------+-------+------
2 1 7 | 4 6 9 | 5 8 3
4 9 3 | 7 8 5 | 2 6 1
6 5 8 | 2 1 3 | 9 4 7
2..5.4.3.1...9...8.........9...5...6.4.6.2.7.7...4...5.........4...8...1.5.2.3.4.
No solution

7.....4...2..7..8...3..8.799..5..3...6..2..9...1.97..6...3..9...3..4..6...9..1.35
solution:
7 9 8 | 6 3 5 | 4 2 1
1 2 6 | 9 7 4 | 5 8 3
4 5 3 | 2 1 8 | 6 7 9
------+-------+------
9 7 2 | 5 8 6 | 3 1 4
5 6 4 | 1 2 3 | 8 9 7
3 8 1 | 4 9 7 | 2 5 6
------+-------+------
6 1 7 | 3 5 2 | 9 4 8
8 3 5 | 7 4 9 | 1 6 2
2 4 9 | 8 6 1 | 7 3 5
....7..2.8.......6.1.2.5...9.54....8.........3....85.1...3.2.8.4.......9.7..6....
solution:
5 9 4 | 8 7 6 | 1 2 3
8 2 3 | 9 1 4 | 7 5 6
6 1 7 | 2 3 5 | 8 9 4
------+-------+------
9 6 5 | 4 2 1 | 3 7 8
7 8 1 | 6 5 3 | 9 4 2
3 4 2 | 7 9 8 | 5 6 1
------+-------+------
1 5 9 | 3 4 2 | 6 8 7
4 3 6 | 5 8 7 | 2 1 9
2 7 8 | 1 6 9 | 4 3 5
.3..7..2.8.......6.1.2.5...9.54....8.........3....85.1...3.2.8.4.......9.7..6....